01001101110101111110
01001101101001100010
01100101111010001011
01111011001110011111
11101001101100111110
01010110100100101110
11001110100011110111
11111000010101100110
01000100101001111111
00111111110110110111
10111100101000010101
10101000001101111111
00101111110001111010
10111100001100010011
01100101001011001010
01001110100011100111
11011110011111100011
01111000010100100110
11110110010110010010
00110110111101001001
10000100110111111111
11101010010100101101
00101110000100100010
10101111110011010111
01010001110010001011
11001000111111010111
00100110110100110100
01100101001011011110
01000101010100111111
11010101110000111011
11101000011110000001
00000110110101000110
01111111001101111000
10010010110100001110
00101111001001100011
10001011011011100111
11010001010010000101
10100001111000111011
11010100111111101000
01010110001000011101
11101110101110101000
11101101110010111100
10011101010011100010
01101100000111000100
01001111011000111001
10111111010001111001
10111101010000111000
00000111010010000111
01010011010111101011
01110111010011100001
00101001001101110110
11010001011001101000
11000001101111100101
11110101110101111011
