01100001000011010110
00001100010001000100
11011101011100011001
10010100000110100101
10010001110100010010
00101110010010100110
10011100000001000000
10001001001100111010
10100011101011011101
00011100100101000001
00001010111001001101
11101010010001000100
10101100010010101101
00011100000101101001
00101010000010011101
00010011101111111111
11111010011010111110
11101110111011001100
10111000011000100010
10010001110001010111
10100000000011010100
00001111000000001010
01100100110001100010
10001011001100111011
10010010100110100111
00010111001000111111
11000110011010110100
10010101101100001100
01111010110011000011
10111011111001010000
11000001000001010111
01011001000011101000
00011111100001101010
11000001110100000001
10011111110001000111
01011000010000001001
00010011100010000001
10010010000101010111
00011100011010000000
11111111110100010101
11100000111000000010
00011111100011010101
00011001001010011000
10010011101000000001
00100111111100001100
00010000100011101010
00001101101111001110
10011100010001110011
00011001100001011000
11001000001010101111
10001001010000011011
11101110111010110110
00100110010000011000
00000110000011010101
01011101000000010011
